(0,2), (0,3), (1,1), (1,4), (2,0), (3,0), (4,0), (5,0), (6,1), (7,2), (7,3), (6,4) -> C
C, (4,3), (4,4), (4,5), (5,5) -> G
C, (2,5), (3,5), (4,5), (5,5) -> O
O, (4,2), (5,3), (7,5) -> Q
(0,0), (1,0), (2,0), (3,0), (4,0), (5,0), (6,0), (7,0), (0,1), (0,2), (0,3), (0,4), (0,5), (3,1), (3,2), (3,3) -> F
F, (7,1), (7,2), (7,3), (7,4), (7,5) -> E
F, (1,5), (2,5), (3,5), (3,4) -> P
P, (4,2), (5,3), (6,4), (7,5) -> R
(0,3), (1,3), (2,3), (3,3), (4,3), (5,3), (6,3), (7,3) -> I
I, (0,0), (0,1), (0,2), (0,4), (0,5) -> T
T, (6,0), (7,1), (7,2) -> J